[gd_scene load_steps=8 format=3 uid="uid://sw0lrwwmfsky"]

[ext_resource type="PackedScene" uid="uid://4wcvjnjtiobj" path="res://Objects/block.tscn" id="1_014kd"]
[ext_resource type="Script" path="res://scenes/level_1.gd" id="1_go2nx"]
[ext_resource type="PackedScene" uid="uid://2smk0rrqj2j0" path="res://Player/steve.tscn" id="2_bswci"]
[ext_resource type="PackedScene" uid="uid://c23blxtlgajnq" path="res://Objects/Collectibles/coin.tscn" id="3_rus8k"]
[ext_resource type="Environment" uid="uid://bvnnvb6ctyaf6" path="res://Resources/level_1_environment.tres" id="4_5xbjy"]
[ext_resource type="MeshLibrary" uid="uid://dh4jm2uldrh84" path="res://Resources/world-blocks-v1.tres" id="5_4nkto"]

[sub_resource type="BoxShape3D" id="BoxShape3D_4nkto"]
size = Vector3(10.083, 1, 8.82227)

[node name="Level1" type="Node3D"]
script = ExtResource("1_go2nx")

[node name="DirectionalLight3D" type="DirectionalLight3D" parent="."]
transform = Transform3D(0.874603, -0.310403, 0.372451, 0, 0.768194, 0.640217, -0.48484, -0.559936, 0.671865, 0, 10, 0)
shadow_enabled = true

[node name="Steve" parent="." instance=ExtResource("2_bswci")]
transform = Transform3D(1, 0, 0, 0, 1, 0, 0, 0, 1, 0, 0.479502, 0)

[node name="Blocks" type="Node3D" parent="."]
transform = Transform3D(1, 0, 0, 0, 1, 0, 0, 0, 1, -0.482912, 0.479502, -6.12219)

[node name="Block1" parent="Blocks" instance=ExtResource("1_014kd")]
transform = Transform3D(0.917914, -0.396779, 0, 0.351643, 0.813496, -0.463219, 0.183796, 0.425195, 0.886244, 0, 8.69415, 0)

[node name="Block2" parent="Blocks" instance=ExtResource("1_014kd")]
transform = Transform3D(0.584004, 0.67799, -0.446396, -0.544836, 0.735033, 0.403585, 0.601742, 0.00751704, 0.798655, -1.25501, 10.3098, 0.345703)

[node name="Block3" parent="Blocks" instance=ExtResource("1_014kd")]
transform = Transform3D(0.917914, -0.396779, 0, 0.351643, 0.813496, -0.463219, 0.183796, 0.425195, 0.886244, 0.756328, 10.8571, -1.93619)

[node name="Block6" parent="Blocks" instance=ExtResource("1_014kd")]
transform = Transform3D(0.78884, 0.0089416, 0.614534, 0.351643, 0.813496, -0.463219, -0.504063, 0.581502, 0.638573, 0.756328, 12.5724, -1.14079)

[node name="Block4" parent="Blocks" instance=ExtResource("1_014kd")]
transform = Transform3D(0.49318, -0.58157, -0.646954, 0.351643, 0.813496, -0.463219, 0.795689, 0.000953585, 0.605705, -0.475015, 12.3609, 0)

[node name="Block5" parent="Blocks" instance=ExtResource("1_014kd")]
transform = Transform3D(0.725883, -0.0837352, 0.682703, -0.449119, -0.80946, 0.378243, 0.520947, -0.581174, -0.62518, -1.88183, 12.7415, 0.581506)

[node name="WorldEnvironment" type="WorldEnvironment" parent="."]
environment = ExtResource("4_5xbjy")

[node name="GridMap" type="GridMap" parent="."]
mesh_library = ExtResource("5_4nkto")
collision_layer = 2
collision_mask = 13
data = {
"cells": PackedInt32Array(-4, 65533, 0, -4, 65534, 0, -4, 65535, 0, -4, 0, 0, -4, 1, 0, -4, 2, 0, -3, 65533, 0, -3, 65534, 0, -3, 65535, 0, -3, 0, 0, -3, 1, 0, -3, 2, 0, -2, 65533, 0, -2, 65534, 0, -2, 65535, 0, -2, 0, 0, -2, 1, 0, -2, 2, 0, -1, 65533, 0, -1, 65534, 0, -1, 65535, 0, -1, 0, 0, -1, 1, 0, -1, 2, 0, -65536, 65533, 0, -65536, 65534, 0, -65536, 65535, 0, -65536, 0, 0, -65536, 1, 0, -65536, 2, 0, -65535, 65533, 0, -65535, 65534, 0, -65535, 65535, 0, -65535, 0, 0, -65535, 1, 0, -65535, 2, 0, -65534, 65533, 0, -65534, 65534, 0, -65534, 65535, 0, -65534, 0, 0, -65534, 1, 0, -65534, 2, 0, -65533, 65533, 0, -65533, 65534, 0, -65533, 65535, 0, -65533, 0, 0, -65533, 1, 0, -65533, 2, 0, -65532, 3, 1441798, -5, 3, 655366, -5, 65532, 1048582, -65532, 65532, 6, -65533, 3, 655365, -65534, 3, 655365, -65535, 3, 655365, -65536, 3, 655365, -1, 3, 655365, -2, 3, 655365, -3, 3, 655365, -4, 3, 655365, -5, 65533, 1048581, -5, 65534, 1048581, -5, 65535, 1048581, -5, 0, 1048581, -5, 1, 1048581, -5, 2, 1048581, -65532, 65533, 1441797, -65532, 65534, 1441797, -65532, 65535, 0, -65532, 0, 0, -65532, 1, 1441797, -65532, 2, 1441797, -4, 65532, 5, -3, 65532, 5, -2, 65532, 5, -1, 65532, 0, -65536, 65532, 0, -65535, 65532, 5, -65534, 65532, 5, -65533, 65532, 5, 5, 0, 1441794, 5, 65535, 1441794, 6, 0, 1441793, 6, 65535, 1441793, 8, 65531, 1441792, 8, 65532, 1441792, 8, 65533, 1441792, 8, 65534, 1441792, 8, 65535, 1441792, 8, 0, 1441792, 8, 1, 1441792, 8, 2, 1441792, 8, 3, 1441792, 8, 4, 1441792, 8, 65530, 5, 9, 65530, 6, 9, 65531, 1441797, 9, 65532, 1441797, 9, 65533, 1441797, 9, 65534, 1441797, 9, 65535, 1441797, 9, 0, 1441797, 9, 1, 1441797, 9, 2, 1441797, 9, 3, 1441797, 9, 4, 1441797, 8, 5, 655365, 7, 4, 1048576, 7, 3, 1048581, 7, 2, 1048581, 7, 1, 1048581, 7, 65534, 1048581, 7, 65533, 1048581, 7, 65532, 1048581, 7, 65531, 1048581, 7, 65535, 1048576, 7, 0, 1048576, 7, 65530, 1048582, 9, 5, 1441798, 7, 5, 655366, -65531, 65535, 655360, -65531, 0, 655360, -65530, 65535, 655360, -65530, 0, 655360, 131080, 6, 5, 131080, 7, 655360, 131080, 8, 655360, 131081, 8, 1441797, 131081, 7, 1441797, 131081, 9, 1441798, 131079, 9, 655366, 131079, 6, 1048582, 131081, 6, 6, 131080, 9, 655365, -65536, 65531, 655361, -1, 65531, 655361, -65536, 65530, 655362, -1, 65530, 655362, -65537, 65529, 655360, -131072, 65529, 655360, -65537, 65530, 655360, -131072, 65530, 655360, -65537, 65531, 655360, -131072, 65531, 655360, -131073, 65528, 655360, -196608, 65528, 655360, -196608, 65529, 655360, -131073, 65529, 655360, -262144, 65528, 655360, -196609, 65528, 655360, -196609, 65527, 655360, -262144, 65527, 655360, -327680, 65527, 655360, -262145, 65527, 655360, -262145, 65526, 655360, -327680, 65526, 655360, -262149, 65523, 1048582, -262149, 65524, 655360, -262149, 65525, 655366, -262148, 65523, 5, -262148, 65524, 655360, -262148, 65525, 655365, -262147, 65523, 5, -262147, 65524, 655360, -262147, 65525, 655365, -262146, 65523, 5, -262146, 65524, 655360, -262146, 65525, 655365, -262145, 65523, 5, -262145, 65524, 655360, -262145, 65525, 655360, -327680, 65523, 5, -327680, 65524, 655360, -327680, 65525, 655360, -327679, 65523, 5, -327679, 65524, 655360, -327679, 65525, 655365, -327678, 65523, 5, -327678, 65524, 655360, -327678, 65525, 655365, -327677, 65523, 5, -327677, 65524, 655360, -327677, 65525, 655365, -327676, 65523, 5, -327676, 65524, 655360, -327676, 65525, 655365, -327675, 65524, 1441797, -327675, 65523, 6, -327675, 65525, 1441798, -262160, 65524, 1441792, -262159, 65524, 1441792, -262158, 65524, 1441792, -262157, 65524, 1441792, -262156, 65524, 1441792, -262157, 65525, 655365, -262158, 65525, 655365, -262159, 65525, 655365, -262160, 65525, 655365, -262160, 65523, 5, -262159, 65523, 5, -262158, 65523, 5, -262157, 65523, 5, -262161, 65524, 1048581, -262161, 65523, 1048582, -262156, 65523, 6, -262156, 65525, 1441798, -262161, 65525, 655366, -262151, 65524, 655360, 131079, 8, 1048576, 131079, 7, 1048576, 131077, 8, 655363, 131077, 7, 655363, 65541, 5, 655363, 65541, 4, 655363)
}
metadata/_editor_floor_ = Vector3(0, 0, 0)

[node name="DeathZone" type="Area3D" parent="."]
transform = Transform3D(1, 0, 0, 0, 1, 0, 0, 0, 1, 0, -29.2956, 0)
collision_layer = 16

[node name="CollisionShape3D" type="CollisionShape3D" parent="DeathZone"]
transform = Transform3D(10, 0, 0, 0, 10, 0, 0, 0, 10, 0, 0, 0)
shape = SubResource("BoxShape3D_4nkto")

[node name="Coins" type="Node3D" parent="."]

[node name="Coin1" parent="Coins" instance=ExtResource("3_rus8k")]
transform = Transform3D(1, 0, 0, 0, 1, 0, 0, 0, 1, 7.02233, 0.619901, -6)

[node name="Coin2" parent="Coins" instance=ExtResource("3_rus8k")]
transform = Transform3D(1, 0, 0, 0, 1, 0, 0, 0, 1, 7.02233, 0.619901, -4)

[node name="Coin3" parent="Coins" instance=ExtResource("3_rus8k")]
transform = Transform3D(1, 0, 0, 0, 1, 0, 0, 0, 1, 7.02233, 0.619901, -2)

[node name="Coin4" parent="Coins" instance=ExtResource("3_rus8k")]
transform = Transform3D(1, 0, 0, 0, 1, 0, 0, 0, 1, 7.02233, 0.619901, 0)

[node name="Coin5" parent="Coins" instance=ExtResource("3_rus8k")]
transform = Transform3D(1, 0, 0, 0, 1, 0, 0, 0, 1, 7.02233, 0.619901, 2)

[node name="Coin6" parent="Coins" instance=ExtResource("3_rus8k")]
transform = Transform3D(1, 0, 0, 0, 1, 0, 0, 0, 1, 7.02233, 0.619901, 4)

[connection signal="body_entered" from="DeathZone" to="Steve" method="_on_death_zone_body_entered"]
